#	1.09390483937204265885e+01	1.27981881934416863444e+00	1000	39	of	40
7.96263693300709540779e+00 6.56188244009844012794e+00 7.89602917879267707235e+00 0
6.69648277677588410484e+00 9.96324514203161548664e+00 2.85019183304971912563e+00 0
8.51241895868800924063e+00 7.72766091041757086089e+00 6.85746703206371144290e+00 0
5.84652535609994661314e+00 2.53725867371786550919e+00 6.97077616730618299101e+00 0
3.50099833178388974986e+00 5.16817860356508163022e+00 1.91234237514503790933e+00 0
2.58771131035853674263e+00 5.83167006827673262137e+00 7.41809904938648290162e-01 0
2.93518680395322562049e+00 4.24928468968138073336e+00 9.79784360476281435126e+00 0
5.67998076299365539654e+00 2.22574839340869656823e+00 9.53025561691386968732e+00 0
5.33556883204928045217e+00 2.73579115383881417423e-02 1.48165119317010685052e+00 0
1.49214748559647802928e+00 9.55975466359430292584e+00 9.21571807224871619724e+00 0
9.36901556512690802947e+00 4.13746213184632782855e+00 6.76976968609297191648e+00 0
1.09320809537875227591e+01 4.30095147596182325600e+00 6.99185127844722131840e+00 0
3.33901687453315298981e+00 8.24025655420310343402e+00 5.78003006138728281371e+00 0
5.71887417386238983141e+00 5.69855902418887438898e+00 1.03894552389661587455e+01 0
2.63467085807274647991e+00 1.03807133300188625391e+00 8.04447044106004049979e+00 0
6.81432163025138937229e+00 3.57725582457404955861e+00 7.93490283850587552195e+00 0
1.23543300990339077750e+00 8.98011569993960812042e+00 1.74369913070510501596e-01 0
4.20744351322433707274e-01 7.04724052042485116232e+00 1.85584794923854801141e+00 0
8.23003334142082287883e+00 8.80814209207705367533e+00 3.86884370286407186512e+00 0
9.17032408704615775719e+00 3.18615326864309089672e+00 6.96858826506724926553e-01 0
9.80844020334123634086e+00 1.01218105578749124618e+01 2.49570480306414221872e+00 0
4.31268452968552828963e+00 7.13752763382014787652e+00 1.60624001461756837905e+00 0
3.41609936944161951544e+00 1.00278242788800273644e+01 9.70843858171438256477e+00 0
5.29569343821687521512e+00 2.25801029657045049248e+00 3.33881979116499216786e+00 0
7.27473858799279238241e+00 4.46007131013517543749e+00 6.64877610822576592398e+00 0
5.44852160519437589414e+00 5.46705305113894191038e+00 8.34403191586648063094e+00 0
1.08413735154023154195e+01 4.05594001266417869545e+00 9.57859528206414978513e+00 0
2.82855895159035819475e+00 1.02717669906807387292e+01 7.18476158447498125525e+00 0
1.02944930275991204383e+01 4.12758419941194354408e+00 1.32414927008962179933e+00 0
9.61049437778336468341e+00 5.23677855248406309840e+00 8.52802269211502661506e+00 0
6.06063419461061148041e+00 4.19781918801493958426e+00 2.02658630480578194621e+00 0
9.56098093333238097102e+00 9.53142608331105734010e+00 5.92348988374368978782e+00 0
8.38731736453785181595e+00 9.58213684374622332030e+00 4.93240987784154594209e+00 0
3.24675522998014853826e+00 4.61114657830421226237e+00 5.65281254287157697291e+00 0
9.37891542606852013364e+00 9.20936795066699964707e+00 2.95338065780999814436e+00 0
6.11324603148326861657e+00 8.56642713019370205529e+00 6.50604957725331800589e+00 0
4.15951776672103079591e+00 1.08019557971424138287e+01 9.60527014698343606369e+00 0
3.16588459053993309666e+00 4.60463419797000172995e-01 7.38763663929134306585e+00 0
2.86814979253906887635e+00 1.52978637240741188741e+00 1.07125326761926782382e+01 0
8.35050963986734839928e-01 4.32092904364450181021e+00 1.46419368301735541849e+00 0
1.72723649391251132812e+00 4.16055722442510589332e+00 8.26584481325170017385e+00 0
7.38863649741784733749e+00 8.50764674779992091658e+00 8.67730920343012535056e+00 0
7.71778695393047264872e+00 5.27803628455452145118e+00 5.49540994629657220116e+00 0
6.78509396298964873040e+00 4.14093298934509768117e+00 8.88983445985304676640e+00 0
1.06100217308307271935e+01 7.64200391105213316933e+00 1.03882825727175358566e+01 0
9.22860309880335960564e-01 3.20066140365196449835e+00 5.50792203723042206320e+00 0
7.93306490985667167593e+00 8.53315012698196651009e-01 9.68810682518176058409e+00 0
1.08128476565858981928e+01 6.68689361842325791230e+00 6.30559751620692132690e+00 0
7.28044524561569517118e+00 9.71980591310070884958e+00 1.08372692175827278760e+01 0
5.27536794495561700558e+00 9.54450271650152504144e-01 6.20342012904191353329e+00 0
9.47319422192898841217e+00 1.57615105294332868979e+00 8.54158052065386463880e+00 0
6.62238298829420024560e+00 1.56345198089708592448e+00 8.01943549053165227747e+00 0
6.39571973255650938484e+00 3.24745542923745800223e+00 1.05075984900187933135e+01 0
6.46999893309783846718e+00 2.63933702962195582131e+00 4.14027744674938524838e+00 0
1.02955074999714191186e+00 6.39421305918691906811e+00 8.39923138499275445668e+00 0
2.87089322114004152908e+00 7.52023061279430038439e+00 7.30131877512144011888e+00 0
8.12493298720113799050e+00 6.88533869354400440699e+00 9.78660672810607046301e+00 0
8.97468196916162241905e+00 6.10221177737874231894e+00 1.21184141005238332767e+00 0
7.62287175521603277417e+00 7.38136895958853500588e+00 7.77460354832827937877e-01 0
3.03967639707376902081e+00 1.53561563756402508218e+00 6.45203209522920051455e+00 0
7.71623657201914259218e+00 9.92569614499492303139e+00 3.24386427088965678678e+00 0
6.96550208079400740013e-02 8.33331290616897746304e+00 9.32127634457918574640e+00 0
9.87824644381762340117e+00 1.06878067099033824405e+00 9.36873292192506745835e+00 0
2.52023068268820971127e+00 6.06100051186047927843e-01 1.03647896865516493392e+01 0
1.52015211405739258943e+00 1.01876052278417308372e+01 4.40441877184566177306e+00 0
9.23752807048825630432e+00 2.90177688555722790298e+00 7.26782417330476704365e+00 0
1.00173855145757286778e+01 8.26720871655546041268e+00 9.48307838252315171701e+00 0
6.60220739377044840701e-01 1.07908575261531414213e+01 4.00943578036282488597e+00 0
3.06141626236844022202e+00 1.72396340774638889837e-01 1.23993357641554213799e+00 0
7.30484880042255735333e+00 9.79585825508604557399e+00 4.78539677804730523292e+00 0
9.88012045450479092779e+00 1.04266419366496982946e+01 3.50686400392615205135e+00 0
1.01914128867990818605e+01 2.35903187749912435223e+00 6.51186833535231546222e+00 0
7.14553222370204998981e+00 2.96013760279215576432e+00 3.74038710867878265720e-01 0
9.22999876250351070084e-01 3.53153274084789048359e+00 2.15456519591698825167e+00 0
2.57960485968925234967e-01 4.62131220503322115434e+00 5.59151695752185151633e+00 0
3.96213392001816089305e+00 6.19775425378014510613e+00 3.64326689782147372654e+00 0
4.95098129849740331565e+00 6.38508449596019017624e-02 4.74635958859114381880e+00 0
4.20128647181014336365e-01 4.70040484039841288677e+00 1.01954901585994424096e+01 0
3.68185757446171679774e+00 2.62322515819834434225e+00 4.90213265837059086749e+00 0
1.51058221930853697756e+00 9.70211132602335979414e+00 7.24599435544381975660e+00 0
6.95695351672492634520e+00 9.16562862982490322850e+00 6.44723001090266745194e+00 0
4.79052247845363421419e+00 1.14201134797820547107e+00 3.13090055285529267337e+00 0
1.08335669357301451754e+01 9.65484580996399266439e+00 2.41695340444158057736e+00 0
3.15993788848102674649e+00 2.30162914976054011618e-01 9.27626697817105316801e+00 0
6.36883402802945575161e+00 3.89336903195735573036e+00 2.98528935913626680687e+00 0
7.97160743716965836114e+00 3.59964379658762512193e+00 8.63698381419973060247e+00 0
8.15590426131031343004e+00 8.82882431608673812207e+00 2.84923831869059229760e+00 0
8.61602744475239035182e+00 2.79366914129178800508e+00 2.68406924280916836523e+00 0
2.20747248846215038398e+00 2.03369944957022097398e+00 8.24693160485623089073e+00 0
6.96108117072370524703e-01 1.37748065661710450414e+00 1.03226214030249021647e+01 0
2.55969907014907471776e+00 8.44909664467684895506e-01 5.97010382541097062159e-01 0
8.42758116094576292809e-01 5.20539541952677353720e+00 2.18935302406214216120e+00 0
5.26944194449675418213e+00 6.61768158672516548791e+00 8.20366762603551902266e-01 0
1.87647609669648307573e+00 5.67975159431086851214e+00 2.44206154016706096510e-02 0
1.02194448935607020701e+01 1.05682344289322891484e+01 8.97742501755456601131e+00 0
8.13484695075859498559e+00 3.04400533479442270135e+00 5.72760601793964063688e+00 0
2.33428641285412430406e+00 8.46505222694840320230e+00 3.03073957972947916062e+00 0
1.07525309724959718949e+01 2.18637582864165036511e+00 7.33303413227291045473e+00 0
6.78503851500466659274e+00 8.62936664485064564012e-01 1.16278256199199558907e+00 0
3.83191642910302610048e+00 9.85583548156412447838e+00 1.13535563897964708602e+00 0
7.36354839429793806005e+00 1.00372645770176145419e+01 6.04313335899476289370e+00 0
9.09949247393904059322e+00 1.72436361027988183103e+00 5.93643179021351485858e+00 0
8.38342580470976272977e+00 9.62301414798074183921e+00 4.57316648859112828696e-01 0
8.99032296573568423526e+00 7.42090559584299658269e+00 4.26893844123365706622e+00 0
9.86505097249029461182e+00 4.05153499433573927035e+00 7.69395770994411254406e+00 0
9.93653841162332440717e+00 5.34693688957035373477e+00 1.09757732680228592415e+00 0
5.80814047865068605603e+00 8.02905852259173968832e+00 2.62895143998298763677e+00 0
5.32037953557810983085e+00 5.35246644555405204358e+00 6.87766588372217380076e-01 0
1.30787314988377501024e+00 5.29022698532453894416e+00 5.17341895002254847924e+00 0
2.77651606527016081571e+00 1.90127982667565276209e+00 3.55223378490963881404e+00 0
6.82061770656334509511e+00 9.17167267448338541236e-01 9.03815785043289210421e+00 0
3.59297254279131994537e+00 7.93761598683372771035e+00 3.42232538228233740263e-01 0
4.24600367921954191530e+00 6.54887698885061109166e+00 7.04713431731068040698e-01 0
3.54746548618763268834e+00 3.91819857815738981088e+00 6.52557140567773075190e+00 0
2.31378456355064088257e+00 8.37353830453575831427e+00 5.60426989740240699689e+00 0
4.32746861755781253578e+00 1.09064539822819579484e+01 1.64365242053891691398e+00 0
9.02196018377421538048e+00 8.19838858865688990818e+00 1.00669403880082715119e+01 0
2.67102376895793236500e+00 9.22541709839619095135e+00 6.10807058165542748895e+00 0
3.37914369404132530761e+00 9.49223526327557642901e+00 6.83824888200112823711e+00 0
1.16353059699705152497e+00 6.74422709549094534509e+00 2.63656681097938072611e+00 0
1.02091617162210539504e+01 4.45496410836463585525e+00 6.09159201399138439115e+00 0
7.26415167647108361848e+00 7.24835809245055529004e+00 1.05714256929936052387e+01 0
7.83163168968006723203e-02 3.74621769434389007003e+00 3.64010242871568490131e+00 0
9.82172607179122358900e+00 2.42138189986360830019e+00 8.03848291298001171867e+00 0
4.06632954319951078759e+00 1.02288485516311187240e+01 3.91060431470429969991e+00 0
6.54805728409408538404e-01 7.33249643451766885960e+00 9.26702068133826983853e+00 0
8.13717192435490899172e-01 4.92897849300971113706e+00 3.57933247365572926313e+00 0
1.67579108037498780703e+00 8.95340634110678657009e+00 1.02044293331664661650e+01 0
7.26009010526210207814e+00 3.26732633049423659699e+00 3.18906863475971613653e+00 0
8.26577186738710523173e+00 7.80401716322545180304e+00 2.16135171110007417994e+00 0
9.19801878594039656889e+00 4.54387115407717079307e+00 1.95361969484004505127e+00 0
7.38508872057975906955e+00 2.79850588992110926867e+00 8.37648562640958971315e+00 0
2.42610534888775886131e+00 7.60469273019338931618e+00 1.01795274074882891036e+00 0
1.78671534436354112474e-01 1.06193939924497193772e+01 4.94646700053552468290e+00 0
7.81568130768030577826e+00 8.35124077198324066273e+00 1.44188406541067209998e-01 0
1.17150946341063333378e+00 4.45834270389156905878e+00 1.08555239121291453586e+01 0
9.52212324569900658844e+00 4.33842663989147236947e+00 5.21567851734570275823e+00 0
5.40804773444963782225e+00 2.62094228370272519513e+00 1.05266133752729533768e+01 0
3.62601470283516702509e+00 1.04554863497370131853e+01 6.50809399010098488247e+00 0
4.53687518126516309280e+00 1.06786799005503030280e+00 5.48474316191158361988e+00 0
4.59809758540617430356e+00 1.04158838492910543749e+01 3.33629980745021037514e-01 0
4.23282276639939425422e+00 6.90836312400872953887e-01 9.02539297328920220309e+00 0
2.14126107431870771336e+00 1.61959317633209498588e+00 7.04032418007061355780e+00 0
7.00275433804526237225e+00 6.47492160288257956324e+00 3.85910898934047397191e+00 0
7.08315959024675745326e+00 3.01274960988213180713e+00 1.42200875255589420654e+00 0
7.82318957183078866890e-01 9.39266173118303432377e-02 2.22558996902245098681e+00 0
9.00002360545105695167e+00 9.16779783764051892092e+00 8.27640447234381859687e+00 0
7.44879088753117279964e+00 3.08802657397379796966e-02 7.37775601658289148510e-01 0
7.96433918149007347154e+00 6.45726431063864581006e+00 2.48672970905650858597e+00 0
4.27881877853315373272e+00 1.04042489066714090029e+01 2.92849227566533576450e+00 0
1.32992574174431554823e+00 8.48711300239454402572e+00 2.96831568205846529906e+00 0
1.04270844377091496114e+01 7.99827691057914846873e-01 5.07272580486597668425e+00 0
7.83566014642427699499e+00 2.24995922111007029542e+00 9.51068504749029841605e+00 0
6.65289759880558495553e+00 9.12145532023462912719e+00 7.44999565103358118989e+00 0
5.12409965062269368019e+00 4.25722954649022966578e+00 1.65060681967715683349e+00 0
5.68732022924190161461e+00 2.14633999928253160761e+00 5.62425628203927097104e+00 0
7.40290890637638532290e-01 8.28154265641762599159e+00 1.02774051896758464864e+01 0
9.75213658665985505536e+00 1.01938615474576099729e+00 1.04362291394631245822e+01 0
1.05618738487842946938e+01 1.21966562322825788911e+00 8.25170349003082037598e+00 0
5.22893108980073506586e+00 6.13134735281981413380e+00 2.86663957694323023873e+00 0
9.43381021907034700291e+00 5.19176566779141079877e+00 6.56526717560344064140e+00 0
9.38900333196443703798e+00 2.15877610747306469818e+00 3.74544477081807913876e+00 0
8.98386230226131310417e+00 1.06845903447524293028e+01 6.98984774399967001557e+00 0
9.55784029964060799500e+00 1.34598499788864334192e+00 7.53623270574539816380e+00 0
1.07248037002685912000e+01 7.76094301804417341373e+00 3.93683429145657814985e+00 0
4.88267891474635451488e+00 5.38069274860225199575e+00 7.04434418048918864486e+00 0
4.97745981929282821365e-01 9.20934263049120360733e+00 7.58116467454317088936e+00 0
6.35664880318715752594e+00 6.53717180657826446577e+00 1.06646462737728136005e+01 0
3.90385647644169830883e+00 4.59629942793471002460e+00 3.64335134866458654201e+00 0
3.65537770281067375677e+00 1.06144153266612697450e+01 4.76658311642065868341e+00 0
3.98661102233419706309e+00 2.37868523942176279817e+00 9.42635036400823089764e+00 0
4.20688038493985860811e+00 6.24501911921968755337e+00 2.14664018938061040842e+00 0
3.58429052208869947105e-01 5.60069641604598045248e-01 8.84115145084565767775e+00 0
6.70941105847324514855e+00 3.82953037658476080907e+00 7.96090379108832957300e-01 0
7.54896762710104685112e+00 7.50785888408376766989e+00 3.17899772091344701153e+00 0
1.08631149452631294849e+01 2.61407166816776337370e+00 1.08083428889709463050e+01 0
8.31620416445591992272e+00 2.51466247990577285165e+00 4.69285194935738125821e+00 0
7.23998472549119576058e+00 1.05799243596811787249e+00 1.20533884459940163203e-01 0
6.16293671077005988934e+00 6.77595868437209514212e+00 2.48413135240686600014e+00 0
6.03470547829042747168e+00 7.67971710463246193257e+00 1.02113940281072430594e+01 0
7.15144294770986732601e+00 3.22613284262734589802e+00 9.26815445426164252751e+00 0
3.09814148821718227111e+00 9.43435806987773872834e+00 3.91097923531323221624e+00 0
7.37267651380874244893e+00 4.09518947896840490586e+00 2.63821449083018011450e+00 0
7.16050022198357805081e+00 3.85177292267803750292e+00 1.07682999880286480732e+01 0
2.73307515390612376649e+00 8.53163130648415446444e+00 8.27135452370774082453e+00 0
1.89260342910771917069e+00 7.71806511213977497476e+00 1.01359788411328022306e+01 0
8.49435619929990082255e+00 9.80225302731895276054e+00 1.59857975468628699112e+00 0
5.29191743779453727115e+00 9.83319949091905876060e+00 6.57071268527921059643e+00 0
2.19465164970369341901e+00 2.71380813446983237824e+00 7.34350417890795303943e-02 0
4.83819089796221479816e+00 6.40234548761067401301e+00 4.40349717322416545073e+00 0
4.78392567500526411095e+00 5.99155599749658307474e+00 1.08241523679475566411e+01 0
2.22618499055622853788e+00 2.81500757859056927046e+00 5.42710933377564685998e+00 0
6.59523816650792293892e-01 1.06942689629922256245e+01 1.05416568974017121896e+00 0
5.77500623609115248946e-01 3.69109269923255967072e+00 1.03840273881034992343e+01 0
4.57770661506538800722e+00 5.16274743510174705108e+00 8.84755671900689932841e+00 0
6.18385493806218100588e+00 7.61325242152748593583e+00 4.92111176191759813747e+00 0
5.20968914853120335096e+00 5.45317215163500401687e-01 4.42193970012879633558e-01 0
4.21517851182674885280e+00 3.61622802184015856852e+00 7.36806634692973538847e+00 0
8.51367062700553844934e+00 7.53881407338188047618e+00 1.07598723015741448705e+01 0
1.75347622736285480016e+00 3.13408782598866730851e-01 1.08354053346490730725e+00 0
1.06365081169948130224e+01 7.93108633270318819086e+00 1.62092627071461214960e+00 0
4.57984762630745745327e+00 2.48547949306706739137e+00 5.47769026224936439462e+00 0
4.22111527139351583315e+00 8.69350229207053715186e+00 1.10160925547567778437e+00 0
6.65805473985153017935e+00 9.53800301579666864882e+00 9.04284708073866383415e+00 0
4.18739189407298884049e+00 1.23013604369959894669e-01 7.59291532266989932509e+00 0
8.78809833703264153826e+00 5.64710793930271037766e+00 2.39129919312939964726e+00 0
5.95017697201539430552e+00 3.50326935962993690765e-01 6.87457623678147378143e+00 0
4.55229395251835544656e+00 1.01151806615417640955e+01 5.91502724985334182861e+00 0
4.43502050282525850378e+00 4.00875059651710063946e+00 1.02211780038993076403e+01 0
6.57615777265418177677e+00 8.86393289633907421887e+00 5.21178090336205013244e+00 0
1.38841874164526934976e+00 1.05929324451290085563e+01 9.06808913565242669108e+00 0
3.34191494014635281928e+00 9.16987129166947134706e+00 2.97413054986869340723e+00 0
9.64767486141789731846e+00 1.20284529691045882771e+00 4.12439284684865548058e+00 0
4.79682507561823801012e+00 6.78324253785332587086e+00 7.10769768688445147120e+00 0
5.27728611439583694676e+00 1.01668220810369405172e+01 2.73508261529746832252e+00 0
3.65908212641203034465e+00 9.90773484282208727336e+00 1.08872998527270006264e+01 0
6.36276152868619071512e+00 1.61954205016681718199e+00 3.75609878390625695488e+00 0
1.08869777870724924185e+01 2.00078719272391514217e-01 6.72951103738129585707e+00 0
8.23812944818494230503e+00 7.33289714381249346786e-01 6.52141337249873487281e+00 0
7.26854981411609646358e+00 9.11938184850743382981e+00 2.44354501935546730707e+00 0
3.42989485127636717365e-01 8.12211803934710729891e+00 8.80101194594162694607e-01 0
8.19019727595032165368e+00 3.69627943209944387348e+00 3.28913913596189211308e-01 0
8.95052364576843650923e+00 3.37367820980214494497e+00 5.24067139725365738201e+00 0
5.19624986808974131947e+00 1.08216247116154082875e+01 8.82692776390251943042e+00 0
7.93634454110341103217e+00 4.93159858092769454174e+00 1.04857292640372037340e+01 0
1.03604578642966727031e+00 3.60886344088861665824e-01 4.83092182137582693002e+00 0
5.08062532630591956462e+00 7.44716375736493052528e+00 3.67346268501724093625e+00 0
8.53168062801081122926e-02 3.59084901954875457264e+00 4.92823508532834164697e+00 0
8.28459650989004181554e+00 1.15906029677059985161e+00 1.04100914125172816505e+00 0
3.48374374922579210789e+00 1.03219406530034696345e+01 2.14293825518241920491e+00 0
3.31892663757020978110e+00 8.87434740260392729283e+00 6.19617756603185743103e-01 0
7.80559878664619688493e+00 2.09988536898533251218e+00 5.46440475197923447581e+00 0
2.34091694774505487686e+00 3.73421535391231573797e+00 8.15763716515388592754e-01 0
5.86458529231895653311e+00 6.73428157734646415378e+00 9.72505288084377639279e+00 0
2.95048811841784575094e+00 2.58137205494579058396e+00 8.71005649732531317397e+00 0
1.06045422550255654670e+01 9.18549451901932556552e+00 9.92857732086433308893e+00 0
2.23913939225452951476e+00 9.06630387300166429299e-01 6.32883225281342554069e+00 0
3.38659745661076538870e-02 3.85790545873864676452e+00 7.96871856924669774713e+00 0
7.35607461535722761958e-01 6.63783269881230442166e+00 7.13360411533901483949e+00 0
8.65348379585307370121e+00 4.81470737179984398235e-01 7.68356730429180512232e+00 0
9.75932911112429302136e+00 1.09156887549190457776e+01 2.83245146504792155717e-01 0
4.26329623313052952227e+00 6.17158585908761914141e+00 5.64329257555176155847e+00 0
4.91934158031711632475e+00 3.27561263680194003634e-01 2.48644449096610697936e+00 0
4.02800942561699404365e+00 5.93259083690856670046e+00 7.14318089514809262397e+00 0
3.47597215643488874348e-02 5.81850065010561134926e+00 9.51369204547618529944e+00 0
8.74927001526264369602e+00 1.06282561715369716637e+01 2.67462377973262910302e+00 0
5.77660503036513350850e+00 1.08304000355988985782e-01 7.92775632533055496509e+00 0
1.05918703003881020663e+01 1.90830049037066951101e+00 4.34159104161595532645e+00 0
2.04614036799498529018e-02 7.28829197177545040631e+00 7.60376424439662201848e+00 0
5.41559160416716345310e+00 2.31343998257045102562e+00 8.14439781281035379834e+00 0
5.38481177811656408494e+00 6.84177894019054466668e+00 1.07888071211030087682e+01 0
2.34245944352364876551e+00 9.24885323240548018475e+00 5.03212767945086003607e+00 0
5.28285327047495023578e+00 4.86422878169328054554e+00 9.74002807485421051581e+00 0
3.80945854918442017301e-01 1.42174207706944843999e+00 4.51749272491638709237e-01 0
6.52618465258350433089e-01 8.18257997021032146279e+00 2.02528767236745599334e+00 0
6.91425097869799643036e+00 8.18529452781508304327e+00 1.06264592745297115073e+01 0
4.84969179533756555855e+00 4.92806134390310734972e+00 4.25716146500764036631e+00 0
7.33093120544227971891e+00 1.07427225092611120516e+01 6.80793782858232354727e+00 0
9.95613320611388452619e+00 5.77413647816377384459e+00 3.17278601092685086371e+00 0
7.58390854878178366505e+00 1.70389416409778404748e+00 4.50396646805148570536e+00 0
5.63762129542253287440e+00 4.13547140339550978183e+00 6.02046911304434884116e-01 0
3.62514297876690383404e+00 6.62317543582177759021e-01 6.31334760392169247467e+00 0
9.34441921445931100720e+00 7.86714570231483012464e+00 1.58317700731231170153e+00 0
2.50674225452599941377e+00 1.01827387296481326473e+01 7.55787725694857304148e-01 0
8.75650627553323879226e+00 7.07216662231477588563e+00 6.74360158012418220430e-01 0
2.37571387955104551537e+00 8.69941284441167139718e-01 1.83617762081884561276e+00 0
7.22401992201282894257e+00 4.92886307910104370933e+00 8.38427537030713132538e+00 0
3.56543890959557518983e+00 4.28155744644886304684e+00 8.09739981292266719493e+00 0
1.41622179410250814691e+00 8.18124444823742003052e+00 7.52967748240599465959e+00 0
9.57698788408789347670e+00 9.57576504304772768705e+00 7.56657697725226263685e+00 0
1.04998691262412595648e+01 3.63773454085239578149e+00 1.05383090495302926826e+01 0
1.74960125339077920970e+00 6.09343350323939270119e-01 9.66759030007959729858e+00 0
3.04146836568925671429e+00 4.31529257332139692949e+00 1.62416391084919609078e+00 0
9.98171020100276074061e+00 2.29693417728494519992e+00 4.17080808890316789839e-01 0
9.10411479885563501568e+00 1.90297251543565848486e+00 1.09828722781349097382e+00 0
3.41027808227888673542e+00 5.38953959339782340265e+00 4.29115974450493897763e+00 0
6.31346450196837022384e-02 7.19720971501763084888e+00 2.93541170900209091865e-01 0
1.01024659235129927737e+01 1.22258456788312819263e+00 6.11876700438098186652e+00 0
6.25916400076115930773e+00 7.89956646796683692457e+00 1.53023080319355520018e+00 0
1.02588162202140953383e+01 3.30594322391587835952e+00 5.21924256469623593091e-01 0
1.41422276362602100663e-01 6.74427133884365215266e+00 4.44636712790200494538e+00 0
4.08613813791112523433e+00 2.97258693289823305861e+00 1.03474094466659103375e+01 0
5.08119713677189288603e+00 9.08003961076862431412e+00 5.85619027319267448917e+00 0
6.03234821430568146639e+00 6.13665251217281593199e+00 3.50977848477414156037e+00 0
1.31947425520024586021e+00 2.26936657464442825827e+00 5.65479749531466779899e+00 0
4.16524136133323352738e+00 1.88169744348871037509e+00 6.49119081603362846344e-01 0
8.05337089442227482827e-01 9.44735851584123054181e+00 3.66068290343269531206e+00 0
1.04391386411845434878e+01 9.43241119721512699670e-01 7.24391555362258277029e+00 0
9.03501138940803194544e+00 5.15748866276327433411e+00 1.01224280975353337908e+01 0
2.62846722886573069822e-01 8.70875965541137020409e+00 5.81905320570211692655e+00 0
9.14295794321536625660e+00 3.35851611926615190029e+00 1.87686031015643361997e+00 0
6.22165843326432632665e+00 8.66975297719121584805e+00 8.44711921734027093578e+00 0
2.58104739643848102304e+00 7.53387278132638193995e+00 6.31037591177628698347e+00 0
9.15132638419611232905e+00 6.79267100292793912786e+00 3.30933536826142260523e+00 0
9.47835182695233591232e+00 6.38675577065300892343e+00 5.63558653653260854810e+00 0
9.19169161453355876290e+00 8.45972425614895406909e+00 7.47349258999007126647e+00 0
1.97958478519275754559e-02 6.81668619138573372851e+00 8.53700558846832358029e+00 0
1.09097908154183773632e+01 2.34511251057310321499e+00 8.87000696969830215721e+00 0
1.25294348761365093026e+00 6.77880451736414357811e+00 4.76870331726792873184e+00 0
6.63450315821885272527e+00 5.88481817721376998520e+00 2.63698805697843186024e+00 0
4.56995229328145757819e+00 8.15111712982040437225e+00 4.39834764912982745244e+00 0
7.57506315005920427552e+00 5.51631169525374076557e+00 2.84567850723548598779e+00 0
9.43112951579003144786e+00 3.13522156047777045274e+00 3.22796345159052666673e+00 0
4.82220681548152452223e+00 3.79036265050683662814e-01 1.04682580778634832797e+01 0
9.20015187223706654152e+00 6.65779669823284692143e+00 2.24937438481314311289e+00 0
8.50325764547817364303e+00 1.02875916302795857860e+01 8.00864141928529882364e+00 0
2.61710042208505067052e+00 8.53768379971616120372e+00 4.04582782230350979091e+00 0
1.07488574965122065663e+01 1.04667329993494000462e+01 2.75085839201401782805e-01 0
2.77809135995896872018e+00 6.94937132097407772591e+00 8.65503203007166455052e+00 0
3.13293326084446377422e-01 4.33578649520591241640e+00 2.67831942584112470129e+00 0
7.27565151021098532880e+00 6.62347743743460437571e+00 6.84050555149363059826e+00 0
1.01792580022237477699e+00 3.56992296297370126368e+00 3.26375723761391478561e+00 0
8.92913696651169708218e+00 5.51586929932567926471e+00 5.66992544798256048466e+00 0
2.08168649559508756042e+00 7.43850448055230817346e+00 3.25468445525571237198e+00 0
9.86343551417853880992e+00 4.94210264993142148193e-02 7.39400962449038257063e+00 0
1.01273717211042608710e+01 3.50228126519729077160e+00 8.62210350390384405728e+00 0
2.37028540997221925934e+00 1.99639907758262102888e+00 1.86901496926470023219e+00 0
4.90845376333874838792e+00 7.60082592867217687882e+00 2.50572603393915960268e+00 0
3.28166678271206002648e+00 8.45721191588866183508e+00 2.03261368417716736801e+00 0
3.63292946652113712958e+00 8.32822064066886191824e+00 3.96586786571191307615e+00 0
8.01258594097748044760e+00 3.93875686591895401989e+00 1.01560584147395385202e+01 0
5.27138443685622259949e+00 3.64525672229855901563e+00 8.70301544943890803552e+00 0
4.31888864287471729853e+00 8.41840442489534090953e+00 2.13472112384797441109e+00 0
5.56781579760467781881e+00 9.41699994056740941062e+00 3.39961049863459896514e+00 0
4.02080854785248131833e+00 8.81029791676319185001e+00 6.38166291445444944230e+00 0
7.70476744859202344884e+00 4.56030234129916944852e+00 5.09208174386491907448e-01 0
1.03245697428239591176e+01 8.53446014586424617221e+00 6.28137182186867204514e-01 0
1.09148854073109315976e+01 1.49125514500198064205e+00 1.85479455458513786681e+00 0
3.89903085961896023193e+00 2.99399015920310285210e+00 2.48782899877634866570e+00 0
1.00756050866027191404e+01 3.11727760766983141849e+00 4.21152306867493564368e+00 0
1.07738342166007305956e+00 9.94961698291974983022e+00 8.17964963190266658444e+00 0
8.41441460526664641861e+00 3.73279506423518148139e+00 6.79272645754887260949e+00 0
5.54403074403972073725e+00 2.43738806622541437363e+00 6.59270314676523749853e-01 0
3.61961592814976462762e+00 9.12006340399357462445e+00 8.41946944323383128506e+00 0
8.97581872482555986892e+00 8.18808600527523111623e+00 2.77449793907713493368e+00 0
6.26361083421830500129e+00 7.97843094968162169778e+00 7.43285013809410166630e+00 0
6.83132669345360898916e+00 3.57327971262066634850e+00 4.11200524441523018737e+00 0
1.04635533569552361399e+01 5.57141289237244485832e+00 5.78408526113362775334e+00 0
3.77332774136502191453e+00 9.12731307234765032455e-01 1.08181634577112237849e+01 0
6.82571886300311625462e+00 5.55112080693448994850e+00 3.95313587425558776722e-01 0
7.78984095307768154015e+00 4.60641138895332247216e+00 1.67647467489108192851e+00 0
8.31404157170083379924e+00 4.68309956221541057175e+00 9.46997261301040715864e+00 0
8.99635209148336834062e+00 1.29150166537321059446e-01 4.23165172283556856314e+00 0
4.32223721653888315331e+00 2.27524245092295762660e+00 1.87905279418696546934e+00 0
9.86485530562817203304e+00 5.47477412142642005932e+00 2.16201865885764288322e+00 0
4.48354377255890668152e+00 6.79924395804394432474e+00 2.97912430796045413217e+00 0
7.67177366587449616198e-01 9.18404959470271897715e+00 2.01198821803444749534e+00 0
2.91569108769994800312e+00 9.48446553429043071048e+00 1.75630939833477661693e+00 0
3.42495037967465298934e+00 3.24643636958723946773e-01 4.03823018807275779807e+00 0
5.89596553182208982236e+00 1.01162887404727879215e+01 1.64307343674531503019e+00 0
3.94404723756761566023e+00 7.28097688470351478429e+00 4.04338279705841951994e+00 0
1.00521366171226862463e+01 1.08282329127254524082e+01 4.64683109906864366678e+00 0
9.80009796063108784558e-01 3.76143555243146332501e+00 7.60670171126069405432e+00 0
8.03052265433322354227e+00 2.91650303839782010229e+00 9.98735325418174890721e-01 0
3.39264126854490166707e+00 2.05830675166744203608e+00 2.34372928639067401591e+00 0
5.10545603047138296660e+00 7.84001196877505912575e-01 7.61579857276638083619e+00 0
9.04139659064339440420e+00 2.00420886397076625229e+00 1.09134865356165082773e+01 0
7.71852318609642917835e+00 1.06213460571837163826e+01 4.30227824970497874091e+00 0
4.97038097241139009697e+00 9.24448095864342711536e+00 4.22217282973244412148e+00 0
6.44502617057285309698e+00 1.08849525171094043685e+01 9.00171520368306610216e-01 0
3.82500540536278332837e+00 4.72808133874835778698e+00 9.71521679034406204778e+00 0
1.81943810898945246279e+00 7.12386327371847283274e+00 9.25105594021096955260e+00 0
6.68293703125339266791e+00 7.08246871371562480846e+00 1.12695336508749299753e+00 0
1.02505644239374404947e+01 8.88740015628493829070e+00 6.35674064699892849006e+00 0
1.02228038963255567495e+01 1.59283922512413689265e-01 1.00354924168621160163e+01 0
9.45455819522908846864e+00 1.57849709102418467310e-01 9.37166118607874132351e+00 0
2.34037151874041393640e+00 9.94427712291818477475e-01 4.76241398128814630297e+00 0
7.93943191443575368993e+00 5.48244391535065656029e+00 7.88048294384891256925e+00 0
6.65579939775506002064e-01 7.49665561058857754517e+00 6.55874143504355977541e+00 0
7.09076320367293400082e-01 1.03909453587643749728e+01 7.07161538563772040789e+00 0
4.06869079402504141285e+00 5.36297052241756500024e+00 5.08262372306165577385e+00 0
7.42326425599772310449e+00 1.04495463181838021960e+00 7.62456607406748254618e+00 0
6.39643761197623561543e+00 9.02597903937572532129e+00 1.83940022480285558792e+00 0
5.78252323323542238853e+00 1.46609704507345717239e+00 2.94133280038529321132e+00 0
2.36278223219455973947e+00 8.95144613796458443744e+00 1.09119168067436089764e+00 0
3.26928918265657175724e+00 8.42515574007874334939e+00 7.14351647670970368864e+00 0
3.88948401259699760857e+00 2.86494293456467330472e+00 5.02564448078889780547e-01 0
1.77858986011159614371e+00 1.39759956865986856300e+00 1.04149617478384381997e+01 0
1.43519400081481340870e+00 1.02211978624662069848e+01 5.45731371143747590047e-01 0
6.44821363093519561716e+00 2.16942726272179964297e+00 1.76011488072475374977e+00 0
9.34212939606331005393e+00 8.87739555138379898835e+00 9.40243871151678400899e-01 0
1.45829007659055731594e+00 9.79891663421036795967e+00 1.53586618919816175755e+00 0
1.86554707231487287844e-02 2.59850489773159720741e-01 7.92256187557777824537e+00 0
3.56832179652641334755e+00 6.72689774351442837386e-01 1.95163609054035824819e+00 0
4.09574197360361269560e-01 1.02795781748307550885e+01 3.08212792859033335446e+00 0
1.78964333750204129814e+00 4.91452220408577922228e+00 1.00633984259340447664e+01 0
1.33768829724320315044e+00 2.95808062617620670665e+00 1.05530711629567388599e+01 0
1.17659471404111992676e+00 5.63651450092759453980e+00 7.48778386369635118314e+00 0
3.41695359155643751947e+00 1.26605190523188237961e+00 1.09874657411178766608e+00 0
1.08775884170176198040e+01 1.01336701966717441792e+01 1.01659662008388558263e+01 0
3.97140502920699356437e+00 1.02348272309841625827e+00 7.97818995335391090151e+00 0
8.05209376615502736563e-01 6.33431865639837443638e-01 7.22658118834126117491e+00 0
8.94549368338978645454e+00 7.67056513349501400967e+00 9.15834708968535515794e+00 0
5.43875329457989309390e+00 1.14923879162128117493e+00 3.93236075897269943269e+00 0
5.65304503778501743483e+00 7.10893013161979414605e+00 1.66774016264451141467e+00 0
8.95636534709946019461e+00 1.78079578713042852023e+00 9.55703010901486393891e+00 0
6.27439454198143664598e+00 5.14127927651959293343e+00 8.87688517396494525258e+00 0
8.55673381797098997481e+00 7.78794733896974822329e+00 8.19506559339030538069e+00 0
1.00306634048362575129e+01 7.48525313235685985092e+00 4.61849984688551007395e+00 0
7.63792612373163581907e+00 1.04037354239751760332e+01 9.79934583627827748842e+00 0
9.77094668197624027783e-01 7.04200088375048238731e+00 1.02544046994934525685e+01 0
7.55186894081865123241e-01 2.77143289998381758821e+00 9.49243581105720934943e+00 0
4.43154624827151888411e+00 6.46277187818989240498e+00 8.79964537627044407486e+00 0
1.01729059880242935776e+01 7.93778048147056036754e+00 7.23217300162973053546e+00 0
6.42380206400600428651e+00 9.91262541319791345984e+00 5.42032625716110771918e+00 0
1.01588987747503196601e+01 8.55877932074578318122e+00 3.11575631324140855938e+00 0
1.46784645632430965634e+00 1.26169504622782846504e+00 7.87420830822493744705e+00 0
9.70118203859153993562e+00 7.70611323156904148846e+00 3.42544113506910896660e+00 0
5.39786638141906927046e+00 3.98052958093809872153e+00 2.75107293174606182262e+00 0
9.15568019036073188488e+00 7.94955023987958586673e+00 5.59166803601238981969e+00 0
1.05034834301538904100e+01 1.02078311032218671528e+01 7.33432875943773954219e+00 0
9.79646749715725562169e+00 5.63203314177834357679e+00 8.15961488201593226899e-02 0
4.55595757345837348851e+00 8.30227404632411136731e+00 3.36238496522880803141e+00 0
6.93929022485768265405e-01 7.57860829355373066818e+00 8.28594178791655622263e+00 0
1.58971635200425298606e+00 7.36437644412081837686e+00 6.94740530983545401256e+00 0
8.58156087345590812276e+00 5.74258824164071235430e+00 3.39089733826562556018e+00 0
7.05391869060203546837e+00 5.21352323320311761279e+00 4.70899153858084851265e+00 0
6.94824977733667292767e+00 7.67982424555352860551e+00 5.65849012522295602423e+00 0
2.20561702572191009608e+00 5.76240197628722587014e-03 4.27678827992650845147e+00 0
4.39793545109877648258e+00 9.37331460337144939388e+00 2.95291101198367522684e+00 0
6.57624353861378718733e+00 1.18503586896569770848e-01 5.89848915381912775047e+00 0
3.23005174311732456971e+00 2.91669061833815579377e+00 1.68524297651460974734e+00 0
2.40493190273042545257e+00 1.21809952058377579664e-01 8.44387023077529619286e+00 0
5.94230102889317812753e+00 9.08315077520990321602e+00 4.43713876788921979255e+00 0
6.50775593666755014510e+00 2.58536254929413145121e+00 7.89487306566103086425e+00 0
9.58687577549102876162e+00 2.60113858810111331366e+00 1.02608048025128599789e+01 0
1.07203064477836118584e+01 5.11384310849481948935e+00 3.93716175443142579748e-01 0
8.70684008175539503327e+00 3.68015742384116273378e-01 1.02604932899746330577e+01 0
5.86233091622807300780e+00 6.92290846536943771383e+00 4.17672900116360423795e+00 0
3.53736951009782707445e+00 3.82566434596528059942e+00 8.65626084607108770008e-01 0
3.94466068754101284455e+00 6.47367068762912367674e+00 1.05530751873390471474e+01 0
2.10903824998634359389e+00 6.67309383270596345739e+00 3.42108651341907876731e-01 0
6.19348057522210648784e+00 3.20577519166052971045e+00 6.30334381936509124955e+00 0
8.32815682387781919260e-01 8.39290376436709628649e+00 3.96910020040763056315e+00 0
3.31833417723157930723e+00 6.75175067014567087398e+00 2.20403581432502049253e+00 0
3.58176317225724494264e+00 7.96162209491290973062e+00 3.00537559012297483818e+00 0
5.73180007372664768184e+00 3.13324556811439425275e+00 5.24039506909165453408e+00 0
7.41532523369823226567e-01 5.42327161728565787513e+00 1.08119471792902182017e+01 0
6.63600258385026986474e+00 1.17353436887117523746e+00 2.15058296056238740235e+00 0
8.61420718301937249350e+00 8.53275154089427623205e+00 4.97673659570030224586e+00 0
6.36120008436683992414e+00 7.68701288319842745977e+00 3.45932594897620537822e+00 0
1.01031423613150757035e+01 6.37491810503932310183e+00 1.55972321338144959135e+00 0
4.19970743770235888093e+00 8.27590263010517368514e+00 8.05054124478832200396e+00 0
5.28930561542087929183e+00 6.12045948632667879963e+00 1.71053922422929027825e+00 0
4.50852867922010158708e+00 1.70446739891855297833e-01 6.62061902537261470769e+00 0
7.26134485522231143406e-01 2.54550828322809996607e+00 3.13324457490227992196e+00 0
6.26665070436671456378e+00 4.01047412478594278440e+00 7.04399331232211434184e+00 0
7.76517385276606386668e+00 5.82132984840695588691e-02 8.51467920192923521938e+00 0
1.66155372320310346090e+00 2.80690793311436292967e+00 2.43958150577437749007e+00 0
1.10159635430302382808e+00 8.70651322600809685071e+00 6.51391556963251883161e+00 0
1.28293542786115466470e+00 8.56875717856265706196e-01 3.17108418990211526900e-01 0
4.75091547584133255810e+00 4.00757354502925178252e+00 6.57028467150616091175e+00 0
8.00803962512601885670e-01 4.73744800729770876302e+00 6.54597365041860790313e+00 0
1.04501525965215797953e+01 6.83646304644348923318e+00 3.39278748168883925729e+00 0
6.57897935460533656027e+00 9.25367375468688990736e+00 6.44562773544818390370e-01 0
9.52415419089977177691e+00 1.00069877695709816834e+01 5.02676209828787179390e+00 0
8.12914077428931491909e+00 1.61928724648786648288e+00 3.53953028367861532999e+00 0
1.84734234889207349362e+00 6.35433085305660227959e+00 6.93551432755052044143e+00 0
6.35548066604810024671e+00 2.24440353122256031071e+00 1.07319117233283840562e+01 0
6.83128588638323996918e+00 1.09823735156656576706e+00 5.38833648587708591293e+00 0
1.01385080739501525215e+01 8.77457525751927924773e+00 7.87410669547622443787e+00 0
2.83724244685185622572e+00 6.38801063952243541877e+00 4.82488946725038658769e+00 0
9.06293080846922372018e+00 2.94973518101773013456e+00 6.16127165911814511645e+00 0
8.03628307259094043502e+00 7.79666657659632011956e+00 5.97158017783288119773e+00 0
2.65335710688969950155e+00 7.53320641890611231162e+00 4.18055548961066314462e+00 0
3.74441255442723086588e+00 6.50850134742129871057e+00 7.95540448793704602082e+00 0
9.52598772443228725137e+00 7.47670345376306322294e+00 1.08504556593648366913e+01 0
3.85818716955814977609e+00 1.77547651333032185939e-01 6.27460487128328137096e-01 0
7.99858374191555654420e+00 5.52176189007808737585e+00 1.25326781282486710012e+00 0
5.58757757465049031964e+00 8.83418770832720490205e+00 7.47606656620991838480e+00 0
3.10037115247339034596e+00 3.05005485338852411203e+00 1.05174081885832357841e+01 0
2.94956020503508176134e+00 6.04547631370173821352e+00 6.70905314040785061280e+00 0
7.15594848805164751582e+00 1.01824163227970476697e+01 8.10562767193976974056e+00 0
5.65108460372384513448e+00 3.36047160272807543535e+00 7.54469430828575138293e+00 0
8.25590321067793730947e-01 1.05551225117760214545e+01 1.04117129543248321255e+01 0
2.96195508322367428988e+00 6.15094056162596558579e+00 3.75437346888787137900e+00 0
4.74409484428324290661e+00 6.65630714997380756870e+00 9.93543621527404674509e+00 0
8.45564653204847260781e+00 1.59706878675385333111e+00 7.51283344597747593241e+00 0
4.17902907268816203867e+00 1.27906649702238056632e-01 5.57890838087954588076e+00 0
8.64389603810713724741e-01 5.64964381338293986090e+00 6.01801099459053645546e+00 0
1.41739829507481585047e+00 9.55318932001916998331e+00 2.73190615403668024541e+00 0
2.01343701786453355140e+00 7.64358932813275959717e+00 2.16694002789062833969e+00 0
1.00840063384053224560e+00 5.57442431556436623907e+00 9.39002994920839206827e+00 0
4.68657970172752591509e+00 7.43606343400989988623e+00 9.27669974616448733684e+00 0
5.51799125003545487544e+00 5.19085232901574400444e+00 6.06579541861787951973e+00 0
3.96694726573146194681e+00 4.78897969914460652774e+00 7.25640823768545484285e+00 0
4.73142608214190740767e+00 6.06585909831206571141e+00 7.85511734948757922581e+00 0
7.57118768601456171297e+00 2.33551263853546631211e+00 7.39794318974492082219e+00 0
9.61263450232713645427e-01 7.63112702283527433167e+00 1.26921826542520904679e-01 0
2.41724449966635646092e+00 4.64058482914301784206e+00 4.93322489462607105537e+00 0
5.22443007792886060514e+00 5.74810625564120680764e+00 5.25572846200883692092e+00 0
2.90705873074674592260e+00 7.37151722712463719489e+00 9.62905713193254797488e+00 0
6.21772186537994198119e+00 4.80650269812063779540e+00 1.55757509891949683101e-02 0
9.50165507771602158016e+00 4.19389433495649033290e+00 5.94920604434983624209e-01 0
8.26058384152117497479e+00 1.32269506293590355384e+00 1.05806129611917238975e+01 0
7.85434834739915821444e+00 9.87774047396203869198e+00 8.97474996993926232847e+00 0
1.03570442599484575652e+01 1.83111070981557055859e+00 1.02080278810249467369e+01 0
3.65749709555898916413e-01 1.04360421259164493080e+01 9.11247920946956213584e+00 0
9.43442159453734596752e+00 1.04471575173355146759e+00 5.32964151263285890181e-01 0
8.42531262989678353392e+00 3.12580411802489632755e-01 1.68380577795288766119e+00 0
1.62279398320776024889e+00 2.70132705017616991938e+00 4.57410470138272007290e+00 0
9.49578253132928984392e-01 6.61557523414497339331e+00 3.02760354506205142666e-01 0
8.44837943337843633174e+00 8.07480592639047323189e+00 8.82904010927821336630e-01 0
1.00059022694107557783e+01 1.21842846362728218779e+00 2.21647366049350402761e+00 0
3.40022888900368780440e+00 9.75308103387177283139e+00 5.54533265187897494997e+00 0
6.74744737181683174043e+00 5.28121526736404245383e+00 3.73880099926321696202e+00 0
8.52653893944090413015e+00 5.68134243398990435026e+00 1.09197166775351544032e+01 0
6.13777911795956931940e+00 4.42206469055523765377e+00 8.06279843179961197563e+00 0
9.19882769501192143480e+00 3.01171964655968826818e+00 8.61864131652943044060e+00 0
1.00010859704983054996e+01 3.88567329362567193130e+00 2.45644276683458917532e+00 0
1.04636047398997860114e+01 8.25495444133134625986e+00 5.24967228921828343857e+00 0
7.62418484339925051074e+00 1.49236374601710353183e+00 2.59528828512341780410e+00 0
8.39691620289679896416e+00 3.85469936619418351853e+00 1.32596847135835860243e+00 0
8.85026713814166399175e+00 3.93519543861862874934e+00 7.78257161845036193881e+00 0
5.89494907917529786801e+00 4.26535084416786425265e+00 4.09162570453399787596e+00 0
3.66738854931632207723e+00 1.08756643728903785728e+01 1.06125967301277874810e+01 0
1.35947773714120989652e+00 7.85121301634174528772e+00 5.66741031886504309512e+00 0
3.46829155589926863001e+00 8.83728308067767720502e+00 4.96138150474349881591e+00 0
5.38538073137619033304e+00 8.39029475447027373036e+00 4.93228166044693860925e+00 0
9.34428611793129171303e+00 7.03770007650703299795e-01 6.71165800063357131933e+00 0
8.00141570161295767605e+00 6.55699444547546850259e+00 2.54685864706225728593e-01 0
1.08098460413453327789e+01 2.34452206293788378844e+00 1.28287093506200511328e+00 0
2.58453899752701943271e-02 5.72461234793754947248e+00 8.12574577920906548911e+00 0
2.72607251736254063701e+00 9.48600720687745457838e+00 6.41573100475525126551e-02 0
6.55996666297806019230e+00 5.77555369873872059827e+00 5.78127770013995867515e+00 0
1.19672039508068595026e+00 7.21170111528830037884e+00 3.83768752577148219984e+00 0
1.01101210881824652432e+01 1.50351357726094869705e+00 1.18825564957322682424e+00 0
4.01238286043946157378e+00 4.24134729157746970252e-01 3.14712444025418047744e+00 0
4.05054711748744633582e+00 7.68254401928281982492e+00 1.01787216023944182552e+01 0
4.34127027382475461081e+00 5.67176962319231581233e+00 9.88096306570968607730e+00 0
6.91227717127811502884e-01 4.63352374895400576094e+00 9.17479135143275392750e+00 0
4.93349582039099732178e-01 3.25193266897536581439e+00 1.06902426670252048702e+00 0
1.02434394700299353786e+01 5.03420017301055011671e+00 7.42662876291942009033e+00 0
8.18962997423681393627e+00 7.02570882398859986040e+00 1.53041393638389000564e+00 0
8.42331925804909076305e+00 6.58070809886717533743e+00 5.73354550858143241499e+00 0
1.33536788838431030868e+00 2.23207898447666058805e-01 6.19179779468723001656e+00 0
5.24499076681341325212e-01 2.95432811137490158870e+00 4.09823119528235846332e+00 0
3.38204317545935806422e+00 6.05082899301864518549e+00 1.42800029345101653355e+00 0
1.14204215671937323040e-01 2.10726768628184846222e+00 5.21883051830572686214e+00 0
5.53840691200410351058e+00 3.91741218249839828758e+00 1.05314382726478505958e+01 0
6.23545280215365482768e-01 1.18555799887788793079e+00 5.23013838280944387549e+00 0
2.24984292511613626075e+00 2.70840958121011254889e+00 6.61928179824393314590e+00 0
3.74583318508399454316e+00 1.76598754337082830546e+00 5.74118207576650352308e+00 0
4.75582244587331715024e+00 1.01572626473179443707e+01 1.01512665677570019795e+01 0
5.97720718100562464770e+00 9.86507432830238428778e+00 7.44702817128067540153e+00 0
2.06450061045042687624e+00 3.80321072992986364270e+00 1.04574354621718210723e+01 0
9.58244226359327733178e+00 6.97504148576869198450e+00 9.58996587575620829114e+00 0
2.17187104253948248811e+00 1.76335687304226373939e+00 6.95260679233310918690e-01 0
5.50472454839964875362e+00 2.09198325938446783034e-01 3.42410284703870315681e+00 0
8.22046535104921360926e+00 6.68640723754008980961e+00 3.70477220528369510788e+00 0
4.75038423533364184692e+00 2.98272144879526601713e+00 6.77274371444463341163e+00 0
5.34576365308773748808e+00 2.19113638045757408435e+00 2.15641522329708168471e+00 0
6.25667418594260293929e+00 3.25324936418910137803e+00 8.71002481697285801943e+00 0
2.44510008501747755361e+00 4.92949486997798302923e+00 9.20015860809798269315e+00 0
1.13146696495560616924e+00 8.51609400253292392335e+00 9.19942728577176183080e+00 0
1.41376614202379768948e+00 1.04102702500405950303e+01 3.40163279719427524839e+00 0
3.07387252197664029296e+00 1.67554304852734037290e-01 2.74012559294874646909e+00 0
9.46267621734682568002e-02 8.48671067223164321547e+00 8.30772523055594014352e+00 0
9.04701281771555265721e+00 6.01069906524850416929e+00 7.99356829653083078568e+00 0
6.70081313313745541294e-01 8.24139032129001414262e+00 5.02710806898793727271e+00 0
2.00939779668927043232e+00 9.47284309666796175975e+00 3.73059622846013638764e+00 0
6.03751451299893648894e+00 5.01488936143816399493e-01 1.07935315372008417967e+01 0
8.92963680717554275645e+00 6.69195053959978114477e+00 8.79531642523182455307e+00 0
3.82838826946440169419e-01 7.55021371012754105578e+00 2.75799193002016052034e+00 0
9.90373259160671892687e+00 2.18884614447699199502e+00 9.21451278492941838749e+00 0
9.45518619872889232170e+00 4.68038409198537586065e+00 2.93836900481149498887e+00 0
6.98565008050052149713e+00 3.52452172111558548195e+00 5.76260039949114677427e+00 0
1.32249762731670661431e+00 8.40741987959104086769e+00 1.05921390789549541012e+00 0
4.33245677570821818847e+00 9.76524099127995803826e+00 9.15963217738067037033e+00 0
9.12807098672096550729e+00 1.39318752385282884632e+00 2.81152760994849781895e+00 0
4.43078981963246931741e+00 9.42688711124040779055e+00 3.81108390025468313222e-01 0
7.02838001250842658862e+00 8.38567954094258549702e-01 4.33994602272619012240e+00 0
6.71590147560134109739e+00 5.65198904560736181679e+00 9.99632421506493784591e+00 0
1.44701731028700097959e+00 7.21224437793405392938e-01 3.98219971121032356720e+00 0
2.14220374876748476112e+00 6.49369766017917537937e+00 2.73753535942777537215e+00 0
3.09505177875637471629e+00 2.27277980606479967918e+00 7.44786179838841877476e-01 0
6.81595694604090152069e+00 9.43851804906788238725e+00 3.70261696422740405055e+00 0
1.50912432334961121860e+00 4.05032308746914893050e+00 9.41499341385881116651e+00 0
4.65343935208502390566e+00 2.78455083205444609007e+00 4.24591149712145021766e+00 0
2.56792974212940761092e+00 6.04251983761525401917e+00 7.66729960775560748232e+00 0
5.36458776202438425429e+00 7.85639154820851359773e+00 8.10570502156490313439e+00 0
1.10854312479864727803e-01 5.44673866917510007823e+00 6.84757572614265530575e+00 0
1.68726674190851122503e+00 9.53005965836918811362e+00 5.95037900620031123822e+00 0
9.23944674099458929106e+00 8.61238499822410830120e+00 6.38664396587435323482e+00 0
9.56893071671924211330e+00 8.87016271630080055388e+00 5.15804964852958125476e+00 0
5.87426100599619438469e+00 1.03022697254362749497e+00 8.58086577070320721816e+00 0
6.39046594394107980719e+00 3.94643676413092148181e+00 5.07053018502811259083e+00 0
6.22006954901897746169e+00 1.96179327880509069004e-01 4.96327570744533641545e+00 0
3.96613233700017664418e+00 3.44683863887856922759e+00 3.94017848979540996623e+00 0
3.78570007990394330477e+00 9.98267676536524639630e+00 7.75585891586426345867e+00 0
3.77578622961726084739e+00 6.82190864116723094668e+00 9.60291911984683821402e+00 0
1.93627880258368412214e+00 5.66293532562233359329e+00 1.91414769437282084041e+00 0
4.36259418544879107316e+00 8.30933439700573828190e+00 5.42637436399379069485e+00 0
8.60755675318106128202e+00 8.89424190626821875583e+00 1.06735750379823599587e+01 0
5.06743341475709119237e+00 9.84805354237927943473e+00 1.05544229344022766348e+00 0
9.98349859404810552332e-02 1.38161002212102879128e+00 2.87978784247021835085e+00 0
1.71097830085511626308e+00 2.98895359158353368656e+00 9.01214455267733249855e+00 0
2.91655897119095364189e+00 6.23974811115264937911e+00 9.60595414146775183895e+00 0
1.12625205176367049198e+00 2.11034698160690675772e-01 8.21459438116493956272e+00 0
3.84539337043829343443e+00 3.44300441214875263540e+00 8.61236993121813476648e+00 0
5.49955810290831159648e+00 6.20203840214727719626e+00 6.10682653706967659701e+00 0
6.03323927653908054225e+00 3.18942213156953258135e+00 2.28145918388294210999e+00 0
6.26705986854416785548e+00 4.74270353937377642239e+00 1.17365375693798168477e+00 0
9.38695778143645398472e+00 9.19263934086423262215e+00 9.86226987928853304766e+00 0
5.38990253056865142867e+00 8.15619527781960229618e+00 9.42341229093786481030e+00 0
7.84949053563206167183e+00 7.37153413944087620990e+00 4.93788557694393137609e+00 0
5.90702545766635900293e+00 5.91544066856882633232e+00 7.30482064273151721068e+00 0
9.15786417507224292933e+00 6.17629492972334848133e+00 1.02838828978048830720e+01 0
8.90080170787449276304e+00 6.91606025985622085983e+00 7.57373385844697644131e+00 0
5.45111263623165154257e+00 2.09297874739832678870e+00 4.32522526816734842470e+00 0
7.21584896516135820832e+00 1.00352703043914424086e+01 1.00656938083277269769e+00 0
3.11434859505680794456e+00 1.76216986017948729071e+00 4.66026387961805976801e+00 0
8.82402887143841851980e+00 8.37114653399329333716e-01 8.81767626467347298558e+00 0
1.00782340874490721205e+01 1.51518557321437175034e+00 3.19948782143895238406e+00 0
2.74660590548208283224e+00 2.09248706185425303872e+00 9.86255379980384994099e+00 0
6.84805131919751008951e-01 4.67287520935512912246e+00 4.54490303851776999977e+00 0
5.39447006832741493554e+00 6.77754386045023782259e+00 8.11511042332870857763e+00 0
2.81283750624957340492e+00 5.43986353447201143041e+00 1.02150986951612292586e+01 0
7.91984712828679526808e+00 7.23951180259755489033e+00 8.76719844172435180951e+00 0
3.46333034158420094428e+00 8.25523430924520162932e+00 9.30113301551785198740e+00 0
9.46026994185972647244e+00 1.06717492395271538186e+01 6.01832222564001817489e+00 0
4.13107575192233955619e-01 7.81612425178967229478e-01 1.30010365725960053140e+00 0
1.01604762203094427520e+01 9.14506080152990108445e+00 4.33135068153310065497e+00 0
6.62385537851647487884e+00 1.85228743779159588101e+00 8.17521725724322023687e-01 0
5.95948134216139280284e+00 3.59559963193095732947e+00 9.60355795826442282248e+00 0
2.40868307703547529508e-01 8.96148391470483751675e+00 6.10687726427854987721e-02 0
8.42097670752639437808e+00 4.42449689885809238632e+00 5.57451613861734074362e+00 0
4.92174224641962521076e+00 2.77768676941467296260e+00 9.09210961895835900748e+00 0
8.25510070017949004750e+00 6.65826022822960328362e-01 2.93631731169496568157e+00 0
1.91684757431813190820e+00 7.26272680618035160194e+00 7.92760955507777698159e+00 0
5.92737762346117502688e+00 6.95408668835136989372e+00 7.04740794200441911244e+00 0
4.91264022768673846997e+00 9.10370865022295383540e+00 8.16952074832165919815e+00 0
3.54867955794796241520e+00 7.45910372963741163943e+00 8.20192456950353765421e+00 0
1.06524933548711997489e+00 1.31608159657605972015e+00 9.21201335127733500485e+00 0
1.05594185223682970332e+01 5.72344760953757969446e+00 4.25074805647944486964e+00 0
2.97256453644579154982e+00 5.01797972001651260143e+00 7.00229548958157632654e+00 0
2.78364086103216346046e+00 7.39831459891130904793e+00 1.06512738689170074480e+01 0
5.50124132640546026352e+00 1.11900109672588166099e+00 1.96301936406255839174e+00 0
6.96225400831829066561e+00 4.52028351299332109559e-01 1.01423939954787840634e+01 0
7.74782199069393229252e+00 5.88487105786869157953e+00 9.52459016718661821699e+00 0
6.80036241006322672575e+00 8.07153566716747583598e+00 2.39452211821553007098e+00 0
8.75527388063155243003e+00 1.44282357738705946382e+00 4.58547986348679703639e+00 0
7.24268434355667967139e+00 8.47482869556877993489e+00 3.33608386056791283991e+00 0
7.09755448572021929721e+00 2.48089321676423590901e+00 2.47115757062333507577e+00 0
2.64784500051130411435e+00 4.98723387172039256399e+00 8.11653161335168427115e+00 0
9.93681654676591996633e+00 6.45881402773246904303e+00 8.47495983301926081310e+00 0
2.17914424307815357551e+00 2.93498502267652128239e+00 9.91556784213434916353e+00 0
9.90898909857485321595e+00 9.68914427434754443880e+00 1.11931228926227921416e-01 0
2.22985231750314566446e-01 4.74238515259361836929e-01 1.07088943281469450852e+01 0
6.40000964762183421897e+00 9.52032480350156440352e+00 1.03710409773361327268e+01 0
6.96605666920108657081e+00 2.21585517125955311357e+00 6.08797020941531741300e+00 0
5.87245489612611581975e+00 5.72186989499049492025e+00 4.45233853289476044779e+00 0
6.90753628144144737888e+00 1.06671849254151638320e+01 3.64719460650773630306e+00 0
3.26917860068293708586e-01 8.59478217354696560903e+00 2.98757610464053113830e+00 0
1.47556075166783462471e+00 5.71512960113610191115e+00 3.18619461147900340237e+00 0
4.29536835647052850362e+00 7.19394394665989622695e+00 5.00362001256995991838e+00 0
2.17819514047355083930e-01 3.37074195523764608140e+00 8.89006311671476900926e+00 0
8.57863771330157298678e+00 3.40783330237989456890e+00 9.42320275935055917671e+00 0
4.71375345096842934822e+00 4.46072182138510431315e+00 5.61412046519390095511e+00 0
4.94695603382047721652e+00 3.98426194385270182607e+00 3.78792418094511518234e+00 0
1.40849684280166109751e+00 8.95051412081065045356e+00 4.72412681258083289038e+00 0
8.40989843041676365942e+00 4.38067483318579142804e+00 3.98622931262632995697e+00 0
1.04039112594512523913e+01 7.87453481976818814303e+00 6.23149249035984009737e+00 0
9.85628295700744772034e+00 6.45317285497331294408e+00 4.18339401582597147922e+00 0
7.30825680512770681219e+00 8.22532977782309693282e+00 1.41324766276990354541e+00 0
9.41400311244196252858e+00 3.68166034607812786561e+00 1.06769268292329631009e+01 0
3.81129660122246916032e+00 5.41392277880276218127e+00 3.02700028455623160184e+00 0
4.95875125306295050365e+00 8.22065747694974291448e+00 6.96891038202995094508e+00 0
5.15095449870234567413e+00 1.02194644943651340441e+01 3.95809257062745079025e+00 0
4.20549458929852448819e+00 1.07200539102495717714e+01 8.56531071231610141581e+00 0
9.18714463123269808875e+00 7.05354694343321586558e+00 6.44937084146470951396e+00 0
2.69381742254390887936e+00 8.59309479848033497262e+00 1.00789300844980669325e+01 0
1.76043403762362604681e+00 8.87095676377428254966e+00 1.94452029225541256352e+00 0
5.05191153398637204930e+00 4.44095767114628614536e+00 7.71987678553742906473e+00 0
7.97083271267573323371e+00 3.25505469448846307401e+00 2.03940477302735301279e+00 0
1.02884726232384657862e+01 9.49164608600855252973e+00 8.93922646534930542828e+00 0
4.27699976116902380596e+00 2.18422879725491725367e+00 3.06639645409065808579e+00 0
7.78855318658182138591e+00 2.18891943226807672573e+00 1.08285459708904969744e+01 0
2.85338601006376091362e+00 3.68280255787356169961e+00 4.02858288365129890707e+00 0
9.80166551938640329134e-01 6.18708871382108593906e+00 1.55158957790539320243e+00 0
1.23784055642125667696e+00 1.29076239461140263032e+00 6.07514057025063802797e+00 0
4.61090734913975008880e+00 3.12210608651663967805e+00 1.21572441237669148784e+00 0
7.03562645034814337919e+00 7.70718770680326414890e+00 6.71219733793598472005e+00 0
3.40255089852855441279e+00 7.73553779371086402961e+00 1.31402671202164689213e+00 0
9.12233694390804394914e+00 4.23462396789417461207e+00 9.04018981606732019429e+00 0
2.52046494909833684872e+00 2.86731372938801110095e+00 7.76021057169219741212e+00 0
7.61624529463455957057e+00 8.10185780407466005215e+00 7.56461554563537674767e+00 0
3.41924879062704745181e+00 6.63520546038766489971e+00 5.99168728784900750384e+00 0
2.53627277209048873630e+00 9.57290471503847228973e+00 8.02060934818188009388e+00 0
8.49202015396192955166e+00 8.63991248805400147148e+00 9.14983348525955975106e+00 0
1.72191005990441836637e+00 4.75927079374931683020e+00 2.82296698676589974397e+00 0
5.22581594160234352842e+00 6.76325793080780712785e+00 5.28627191349391711839e+00 0
6.45326618174066979350e+00 6.89442830100259307358e+00 6.13434958682616127135e+00 0
7.34660430306588452254e-01 1.89561494093041638109e+00 4.26349531329674125146e+00 0
1.80157053509032039074e+00 1.71598323376144712427e+00 4.14453540345764359643e+00 0
8.40695497852371254055e+00 1.96831937014397428953e+00 1.84036086901601714239e+00 0
4.76923750924372402693e+00 4.65270840443415867327e+00 1.27253876198385844354e-02 0
1.00003940442102319253e+01 6.71206896726900037464e+00 5.57433009991094130520e-01 0
1.02447554886731406754e+01 7.53967931556286607986e+00 2.57228068136428555945e+00 0
1.27843371963873919661e+00 4.15873170515568535421e+00 5.21620401678567979786e+00 0
5.68934331946451354867e+00 1.01038681377454473420e+01 9.51441702236189001951e+00 0
6.61799709134042046799e+00 4.42725089315874242857e+00 1.00284805521517554894e+01 0
1.08969849547535932999e+01 1.04614640919679562359e+01 1.80258508266795947073e+00 0
5.77385166601089516725e-01 1.03032907631941359483e+01 5.88256488623754503209e+00 0
2.11839324776401438655e+00 5.63629922975974206878e+00 6.06633763802590308956e+00 0
8.89380906613564192753e+00 5.09855764560075552794e+00 8.02212605887064222898e-01 0
7.44185779945784808831e+00 5.29806549816990088320e-02 5.29127574260605637591e+00 0
2.04205556745130467622e-01 8.41161810631144923889e+00 6.88543816842941858170e+00 0
8.12828964417210819704e+00 9.76125601863253700152e-01 5.30354353583839177588e+00 0
4.86943031015988214705e+00 1.02157709443082111989e+01 7.90759140946247018888e+00 0
3.15233955065231397086e+00 1.00693324437218496570e+01 8.64770282745624818688e+00 0
2.53057878626015764212e+00 3.74621139020005111675e+00 8.75940614691608132603e+00 0
1.06077783885353689186e+01 4.81047889498084568771e+00 8.58232274820797513826e+00 0
3.91663827830126676233e+00 5.43525049318307651447e+00 8.02429573963669184877e+00 0
5.21063622225338374250e+00 1.09313037085481674637e+01 5.73753985478563155453e+00 0
2.31859879882054853439e+00 8.25447539374598093787e+00 7.73180334744290737037e-02 0
6.81542613630797511348e+00 1.09611201698516791403e-01 7.65153266053221337017e+00 0
6.78077288070557671062e+00 4.87473207688216181310e+00 2.42420007712471985428e+00 0
1.23097488238015317918e+00 9.08560815771863872214e-01 2.99408085004364110659e+00 0
4.18772925713904253797e+00 3.90616101080341682206e+00 2.84255761384556704385e+00 0
4.10387708050541455407e+00 5.23045831114078030311e+00 6.13026452049070780248e+00 0
1.72053293309819443913e+00 4.77482633534945577480e+00 4.06170380163694577647e+00 0
8.20162769288597814921e+00 7.50980983483213182517e-01 4.07347030740724402875e+00 0
1.04226797778731796740e+01 2.14216939064843581164e+00 2.44712130160145902025e+00 0
2.42680177922247652944e+00 6.54428575112805965830e+00 1.64390170109984401492e+00 0
9.34490414323473217451e+00 1.00782181309062863761e+01 8.69998488424881522008e+00 0
6.26241342802356726338e+00 2.43387340694695808452e+00 3.13959014548230141983e+00 0
4.86250612012090233094e+00 8.09423406773200682096e+00 1.09298712728347524603e+01 0
9.40005320001770172667e+00 2.32369148755422516572e+00 2.13540845860633599074e+00 0
7.61498113566378354022e+00 4.35727689255302497173e+00 4.80935973946901107468e+00 0
7.84014512565593069127e+00 6.11207798221163400854e+00 4.82541417153748675162e+00 0
7.58380199812104294210e+00 9.05615103187231440529e+00 5.42079963650831242461e+00 0
1.05772215508578444343e+01 6.86087378867759856149e+00 9.51466038579020612076e+00 0
2.58077580511433435362e+00 5.45610564675584353012e+00 2.65974663688044632437e+00 0
2.10598663172115641018e+00 3.73609913829889617176e+00 3.31585553791962261982e+00 0
5.74814688186922229107e+00 5.17450928055314651743e+00 3.55349311939783074621e+00 0
3.41426173867008664331e+00 4.93427706437590440913e+00 8.83564490367060084708e-01 0
3.27915459110624052386e+00 7.23602328056951193958e+00 5.15479081390506532756e+00 0
1.29661506632789436111e+00 1.01469192040514077924e+00 1.95087711285802822836e+00 0
3.23567593647696438719e-01 9.63509090712535076761e+00 8.79334920676565157116e-01 0
1.01064704716488744651e+01 2.52920804427434076089e+00 5.52687040243618898927e+00 0
1.04438478394544898009e+01 6.43957385796248971133e+00 5.24046562954975847504e+00 0
1.04940670320198510268e+01 3.35047569968727554368e+00 7.21305410099492227971e+00 0
1.07484275580812993489e+00 7.32665652803833822304e+00 1.09290270237294828704e+00 0
2.80014996858105602584e+00 3.61454761471785923632e+00 5.15359684530469941421e+00 0
3.10803681262512476735e+00 5.64212519508613752350e+00 5.80066338329774566773e+00 0
6.91055569330677688100e+00 1.02484756939017840338e+00 3.14955726350636089350e+00 0
1.80242182889897295528e-01 3.64734444487705289362e+00 6.02153982779590180030e+00 0
5.99806658585176499798e+00 8.41385523633483067840e+00 7.95244900968989226753e-02 0
7.19474244054014366867e+00 2.69356180397721223230e+00 1.01687331473042448238e+01 0
6.91917613420415023029e+00 3.10626007806346482454e+00 7.05025131298886176268e+00 0
5.27572893985736790512e+00 1.15248645842978048037e+00 9.58296548484307919580e+00 0
9.93100746129861100542e+00 5.77765774557049649474e+00 9.55604337505201328895e+00 0
4.34873509140634251224e+00 8.71988869492775187098e+00 9.02509023449517222559e+00 0
4.08313018458537346778e-01 8.19409586039604564967e-01 4.19283661218340508725e+00 0
7.14003225078237591106e+00 6.18653581586638612322e+00 1.30008911197557952555e+00 0
7.59772509604735635236e+00 9.54335848553587062781e+00 7.13650962145104283962e+00 0
6.26646559133643332729e+00 5.65698648564296391328e+00 1.67772556464001421084e+00 0
6.74854604920083755992e-01 9.27148605042314777336e+00 9.94102664775250488560e+00 0
1.06027582514768639044e+01 9.72273031546595767338e+00 5.10893039406293514304e+00 0
2.54153749254222116605e+00 9.22860721292027186280e+00 9.23180267612314331416e+00 0
1.07454652602894746849e+01 1.01726382075520138670e+01 4.13272232924920945862e+00 0
9.94615763904558036756e+00 3.51667924295753753228e+00 5.64923880845089687597e+00 0
9.79103846313599035511e+00 8.53238157913334127613e+00 1.06741428876725858998e+01 0
1.23164849389909547561e+00 2.76042507841872986063e+00 6.84873952927031215410e+00 0
8.96706721532263983931e+00 9.90933817452292053929e+00 3.63543713946362956335e+00 0
2.47728070101141595316e+00 1.19075665744355707609e+00 9.18750493842299498226e+00 0
4.62618927243668753846e+00 1.83149650293092425279e+00 8.80372694259309085396e+00 0
1.01616669168106898979e+01 4.12300510479352411153e+00 4.15813603456365576960e+00 0
7.94713548755712650973e-01 1.96520842332924794427e+00 8.39566656950297662831e+00 0
4.11641336340078378697e+00 4.09625160066496984967e+00 1.82715067044906898097e+00 0
2.15397887328294102005e+00 8.12585211033634990940e+00 9.19516927359240732187e+00 0
2.56294998762220282984e+00 4.81077842008615608194e+00 2.84164374410404596549e-01 0
6.38492600751562733308e+00 6.22727953370886844198e+00 8.99152171251740917057e+00 0
1.70957658591627681410e+00 9.96804773618252326628e+00 1.04218593088145237147e+01 0
6.14952674054337489196e+00 8.74811218692238412586e+00 9.73969914834119165903e+00 0
9.39005746812635244680e+00 2.47371209306427797259e+00 4.71338742659314480221e+00 0
8.62539866157538170910e+00 1.05781130074838944921e+01 5.09720810954797975967e+00 0
2.71109664143444684115e+00 1.04914616715708977068e+01 1.07482913369659129899e+01 0
7.84876789655177908855e+00 5.87275017730382487002e+00 6.40313285018088240719e+00 0
3.25839030062126822074e+00 1.17773394099301831339e+00 2.95512080679879396428e+00 0
7.50042116279251747102e+00 1.02384285129681309456e+01 2.24191367487257675606e+00 0
7.23986498672123435227e+00 8.18855494317739029952e+00 4.59636166986676997226e+00 0
5.60361136130005155209e-01 5.97833151434445220218e+00 4.98268861130180074070e+00 0
6.14201725695807621008e+00 7.32640756994718245210e+00 3.10153589690785436161e-01 0
3.24775573142908446922e-01 4.04268912084688203379e+00 4.22207631268272098879e-01 0
1.91772156100419643998e+00 1.08769479879548889301e+01 7.53001656650819573002e+00 0
4.62399742657027346127e+00 7.24837934398613548126e+00 5.98076626941413014293e+00 0
1.31894155858664241521e+00 5.29303018631681609918e+00 9.83473418919156516793e-01 0
9.59757778086346391433e+00 1.36917155830407810679e-01 2.20201934412026734122e+00 0
3.09412868006789576469e+00 3.97210823548170877118e+00 2.80456271406536883362e+00 0
1.04819214342957085506e+01 4.66639455781611367513e+00 3.35752764885185284172e+00 0
1.36820846127204398535e+00 8.96003341028566246962e+00 8.32029204474721062468e+00 0
4.52452530496349203393e-01 9.39357992240178951704e+00 8.84927873431811384819e+00 0
5.28391465503487700595e-01 2.56065489215344488372e+00 2.12588483594493560247e+00 0
1.49734826795511999364e+00 2.85186324315194150714e+00 7.91576940652102933882e+00 0
3.31434616537276882653e+00 1.20395033147734209500e+00 9.79887413769945858633e+00 0
6.99389969882749973351e+00 8.15881742220317995873e+00 9.61891322515351987477e+00 0
3.25562991473128349185e+00 1.86758572647198906047e+00 7.73667809176420995243e+00 0
9.72713223489915534969e+00 1.51896045846340821406e+00 5.12629042379267207963e+00 0
9.44357089412634387315e+00 2.60144009613319238117e-01 1.20112034991286176222e+00 0
4.88550655173928038977e+00 3.27989372977913395957e+00 2.17685615030663237590e+00 0
6.11429251516513083686e+00 7.39568578507388263432e+00 8.97780863377874105424e+00 0
1.05074258341677779782e+01 1.05357751064944515917e+01 5.96809044887954431857e+00 0
8.47578905258771087006e+00 1.08282702566964008639e+01 9.32946604680657287645e+00 0
6.53653777991347340048e+00 4.58887579248438726154e+00 5.87527243566570955835e+00 0
3.84297693008387186708e+00 1.91346802895829370961e+00 1.04570075170162155587e+01 0
3.45618538717548418049e+00 1.46314960805643545783e+00 8.72191611827665980172e+00 0
1.06227640619883700879e+01 4.80120640999460057685e+00 2.01797277761762705595e+00 0
8.14314696122708880921e+00 2.31545569827784136763e+00 6.41916368308579876611e+00 0
1.85858444878141293444e+00 4.91802398188860756534e+00 7.15940608471243677968e+00 0
8.37336369168961880405e+00 4.18627750728758307730e+00 2.50212061444015310130e+00 0
2.32895799300684247513e+00 8.69683733627893751361e+00 7.34956964187195627147e+00 0
3.77556903049888603618e+00 4.23023252461718968220e+00 4.88424387343903543268e+00 0
9.76830448227650860460e-01 1.81072311205392066924e+00 1.41615882436205420269e+00 0
3.33622235841716285876e+00 5.83170086803391551911e+00 8.76093620589062460624e+00 0
5.60197277065890109071e+00 3.21851135562034729176e+00 1.32593086275805571717e+00 0
3.41198890829528211910e+00 2.70248219961909219577e+00 3.50697600561905886707e+00 0
6.60775619690468918321e+00 1.08356408755595001736e+01 8.67485941218848921608e+00 0
8.84134130742679680282e+00 6.38334765841194862190e+00 4.59705921425131514013e+00 0
9.46686264111624886652e+00 4.89365758947687634617e-01 3.20813900138994689826e+00 0
6.95249452115130495145e+00 3.11277979865592670239e-02 1.82062620359435745065e+00 0
4.12551991021645392266e+00 9.56587849428424163989e+00 4.70191512925158949798e+00 0
6.17106682472447687360e+00 1.00931834224395977628e+01 4.14546853540738791111e+00 0
9.55648767432315437986e+00 3.44693884659456228903e+00 9.63679028797757375457e+00 0
9.36377104191387665821e+00 1.03882120328206930537e+01 1.04255448944600228600e+01 0
1.91401063804332660645e+00 5.93044718503671308696e+00 9.64387732190306046220e+00 0
7.33752262043274505743e+00 1.35108852635264864439e+00 6.50363860984090269568e+00 0
9.06032215800300633202e-02 6.04945217469099993934e+00 7.22231153512862933397e-01 0
4.14519283788570636062e+00 9.19214062725814784471e+00 1.02234727860662655274e+01 0
2.03475652151795083356e+00 2.98318219449713994962e+00 1.52179210231006001308e+00 0
4.54496809203463669746e+00 4.05892591131282021166e+00 8.57395702533553905056e-01 0
6.32549860894233972886e+00 8.89245559843349475670e+00 2.88773886229891640909e+00 0
5.35197685527902056180e+00 5.82200102513009110083e+00 9.30134283373561387975e+00 0
5.63593024505423212389e+00 4.01630367698885226702e+00 5.82202456536028289946e+00 0
5.60580864030974446166e+00 3.22165109419734063678e+00 4.19716787385835399249e+00 0
7.52802388427234081547e+00 2.00365856327009073112e+00 1.26464298273239839077e+00 0
3.90193848977231860786e-01 2.95651299731464645149e+00 7.70667188949292736311e+00 0
9.48406029201755629288e+00 8.24403869331343130966e+00 8.41674328786139369640e+00 0
5.79809947140677994781e+00 4.76601665866265111760e+00 5.07930281996640342612e+00 0
5.68110536303530633262e+00 2.33113853530210024534e-01 9.81213645757269325998e+00 0
6.56875690020296065796e+00 2.01093694732426753191e+00 5.00725211520979485158e+00 0
1.06484258063804233529e+01 1.35211243993823698739e-01 3.63113206209629613141e+00 0
1.06634544028927642501e+01 3.06902935306750990208e+00 2.97568999397090028225e+00 0
4.73079549871579008169e+00 3.12162161293463746858e+00 3.21132730889103656935e+00 0
2.29571319715325877775e-01 6.34835558763574514529e+00 1.05798511260990810712e+01 0
1.02923531187277106369e+01 9.97937247726137854897e+00 1.06820939054868424556e+00 0
8.28751881251459110445e+00 3.34496762007928927218e+00 3.67455158545564719574e+00 0
5.39645833427165921847e+00 9.27832291299239919624e+00 1.07884582967025046685e+01 0
1.06302453234311613528e+01 4.65573670279390061655e-01 2.66086652880781171504e+00 0
8.02067363955306511514e+00 7.80931998351152945048e+00 4.01668397471541727128e+00 0
3.76871754080384180341e+00 7.11531181609255902742e+00 7.05920755751872608386e+00 0
7.96455413954029367574e+00 9.35798540067665207687e+00 8.11207664680186013584e+00 0
5.01948110080063791827e+00 7.81496277503345648796e+00 1.23719054105588899262e+00 0
9.30130644177037524400e+00 9.97648380809775048306e+00 8.85976136821407744826e-01 0
4.84147831160870278921e+00 3.28672981870443692287e+00 2.12165341857171535489e-01 0
7.21045551759220515464e+00 2.88092523111341414221e+00 4.93768118270022604577e+00 0
9.78670043139292289425e+00 5.42422258663518785937e+00 4.98697888830509139524e+00 0
9.66840851013263602454e+00 5.56159112934254351579e-01 8.32330236526956035448e+00 0
4.20042004615995878680e+00 1.36365418310607933172e+00 2.31664579628897593366e+00 0
3.19679523890950667564e+00 6.75603692117846854615e+00 3.85086644891312168681e-01 0
2.99218531894429928819e-01 5.23777247879256613317e+00 1.28864756995753992896e+00 0
7.42688645883444831242e+00 4.24124747278211078338e+00 3.65315871967664262954e+00 0
9.09248361608454835903e+00 6.77733124483785087655e-01 5.60147800405299101101e+00 0
4.33214540868202035995e+00 3.48084868214379783424e+00 5.82036391807669062359e+00 0
7.36357555414029274488e+00 6.75369130995672239948e+00 5.57937934765308796159e+00 0
1.11974405608933014200e+00 6.60831421095985316327e+00 6.17337915574510809336e+00 0
1.78420170568727587401e+00 4.43504666408400183286e+00 6.03459714136130820350e+00 0
7.37325072678005000171e+00 2.40691707570109736380e+00 3.74053761283693919637e+00 0
9.23460244649781714088e+00 8.65691086175960045068e+00 3.87332335851594322662e+00 0
6.70590479064242561691e+00 1.05690880872797610124e+01 1.08572774585483298182e+01 0
9.48154656522973482424e+00 4.89414559671682170006e+00 4.04160992858099898939e+00 0
1.04761354558017227845e+01 3.05026108713599786171e+00 9.63953993127487507309e+00 0
1.06739705029387277335e+01 9.43452824681002688578e+00 3.44513161885586605138e+00 0
1.77739906058807473066e+00 4.86057138765830440419e-02 2.61763982258868566078e+00 0
2.08186778247340598114e+00 3.82801863436537948004e+00 2.31519570172548494469e+00 0
4.58014387371134290561e+00 6.21430922690603404490e-01 3.96428610608111542390e+00 0
2.70184724337482018441e+00 2.74672067546539055982e+00 2.72283327570335975665e+00 0
2.02419813505285128841e+00 1.61092577234598621772e+00 2.85213787410327856975e+00 0
1.89626123038238247887e+00 3.62532049709049708497e+00 6.81151082379656092058e+00 0
8.40214535056555966719e+00 5.00364724599265464633e+00 6.45867192026839731511e+00 0
3.29387906399044894101e+00 3.15982780352908454446e+00 9.50064578414521676564e+00 0
8.00017862405578661367e+00 1.05695084063533517593e+01 1.07952786663953705926e+01 0
7.08016231763485404116e+00 7.14447511749529606817e+00 9.43161279999709556421e+00 0
3.04211237558381331070e+00 1.04450457435586541166e+00 5.57923356335446651855e+00 0
8.42953734927133524479e+00 1.05800984692710624557e+01 9.23414565858644231788e-01 0
2.25653871090979185610e+00 5.56413944904691692983e+00 4.46370303348430930157e+00 0
6.96308415381450895865e+00 1.54573050596079641927e+00 1.01007134695208407038e+01 0
1.76994737432884741146e+00 2.09672762664168210733e+00 9.53700395311950899213e+00 0
6.00543220157567425588e+00 1.09330888309867653163e+01 2.28178192809120927720e+00 0
2.05031912330742277506e-01 1.27199885567546400189e+00 6.60806710033656230507e+00 0
1.43248912345200041241e-01 9.56689080142676573359e+00 6.56301587183341883502e+00 0
8.37722812747011147394e+00 4.62475874900320871319e+00 8.43728027929238599825e+00 0
7.04381851739985243022e-01 2.36195368342269063078e+00 6.04119177091593462237e-01 0
5.80817206402181618330e+00 5.14618073544755549875e+00 2.53151465958333643513e+00 0
6.55764374062353994077e+00 1.95616760235227027387e+00 9.02229389687166261069e+00 0
5.56861611548368173885e+00 9.61384305809654837738e-01 5.04828224956085414021e+00 0
4.67151001540356514141e+00 4.81199711671536789481e+00 2.70144356972917831783e+00 0
1.25653402438198047442e+00 3.78122066883918162006e+00 6.81453003208848606675e-01 0
2.43215663738560206042e+00 1.05189441112826802538e+01 9.64877465854324611882e+00 0
2.05122091953708141077e+00 6.71042086608776244816e+00 1.02806908849394567085e+01 0
8.31458625123025996118e+00 1.07707165616104791894e+01 6.08742024365515899120e+00 0
7.57188665374867486690e+00 5.88309483742819061547e+00 1.05342969676151909653e+01 0
8.65511740878305246838e+00 5.15664720273863785849e+00 4.68437339893657433976e+00 0
4.80622732481480952060e+00 1.92190205619413712057e+00 1.00350320577141403078e+01 0
2.23713975876491577566e+00 1.86796494953820491070e+00 5.85528267887117870316e+00 0
7.96788587002531834003e+00 7.90345407534833110930e+00 9.69359754460594125192e+00 0
3.26428172574928820993e+00 6.97813065351276229364e+00 3.25938895188871891051e+00 0
5.62118300148121363691e+00 9.01117554018062172361e+00 1.15353080452433953695e+00 0
1.08244621507665073068e+01 3.48743169128159102854e+00 1.92003483190251911239e+00 0
1.03192742686544889352e+01 7.67198799220418425904e+00 8.37528903654915168886e+00 0
3.81535121519048470162e+00 1.00703463024795003555e+00 4.76385694171077922476e+00 0
5.40116106056158695736e+00 9.77406329454799127632e+00 5.03739890845430604571e+00 0
3.98461914954311202663e+00 2.67120020452978490511e+00 7.85544769076358129212e+00 0
1.00210807134940669272e+01 4.76044971625595625397e+00 9.73281025705849955898e+00 0
8.71721608828047145323e+00 5.64783919456939109693e+00 9.03845337806086135402e+00 0
8.37952789365071204486e+00 9.56928010972262121925e+00 5.99205499354623949415e+00 0
8.51328319143158473992e+00 9.80083291302173442716e+00 9.88217007039525441314e+00 0
5.54288180269758257168e+00 8.34697520208327148339e+00 3.81513608755976108000e+00 0
4.66441122644192418534e+00 1.49867912924422630461e+00 4.52193529911729896753e+00 0
1.86435640152254289426e+00 4.55181110705222380375e+00 1.56869028735057081114e+00 0
1.08094881347001674499e+01 8.98504903471865468134e+00 1.60303471572137090639e+00 0
7.13098009869139382033e+00 7.02757949462051456635e+00 2.35917108148695664482e+00 0
4.36088663539402610070e+00 9.40153118705296364510e+00 1.88660791726203735941e+00 0
7.19442470960193158902e+00 5.67969823937982454254e+00 7.23312521431353427914e+00 0
7.68426865335688447090e+00 9.19153325663490150532e+00 1.34312018601654292738e+00 0
5.70882516258512318075e+00 9.90581583059887549325e+00 8.53271009881919617612e+00 0
6.72156922739827056290e+00 6.48263894222546177559e+00 7.68198173220151581120e+00 0
2.33263411568700229637e+00 1.00864067195567592705e+01 2.61942680779007153191e+00 0
6.85074609290191455235e-02 7.30935165473075265652e+00 5.46346856826764426529e+00 0
9.09136109464754937903e+00 1.07287554245064575831e+00 1.83893228131790853475e+00 0
8.87537329579603095908e+00 8.83524955372521603181e+00 1.86095704297489605850e+00 0
7.33170509200412290340e+00 1.82759779025582186351e-01 2.80615551020177189656e+00 0
8.77524742260968793062e+00 4.98754431352328353455e+00 7.49210956000530714505e+00 0
1.32266865896698981864e+00 5.16136470471291453066e+00 8.51377855568559205324e+00 0
8.26114885008442989545e+00 2.86813956259446500852e+00 7.89090763331022504445e+00 0
1.92914425435176006829e-01 5.48419710121062298214e+00 2.90985727458352538832e+00 0
7.87316859907890354009e+00 8.68037916054430169766e+00 6.41686509561048001871e+00 0
1.46836374716742890101e+00 3.65140309592047707099e+00 4.18812726620302644420e+00 0
1.00259698621325803458e+01 2.96390793869796276283e+00 1.49277132295379000304e+00 0
5.40858112987120431825e+00 7.88906999208202019958e+00 5.99861555419677827672e+00 0
8.72324378899617691729e+00 5.91220511102932988479e+00 6.92260889811238122604e+00 0
3.34575101271807406889e+00 2.82142873015808115511e+00 7.00344618081387082498e+00 0
2.33279381632353233211e-01 9.13751246659123061988e+00 4.50347680133598071706e+00 0
5.18470394631584330369e+00 1.61430849629360717579e+00 1.54250536418730488375e-01 0
2.01364357067175658855e+00 6.11079052186618643105e+00 8.63600230018517045494e+00 0
7.87132579323646197622e+00 4.19367105698275643988e+00 7.59380355806571127886e+00 0
3.58719890119402062822e+00 5.63247222894394461434e+00 2.88446742462229281656e-02 0
1.04552637270701378469e+01 6.77222537213633235531e-01 6.25531136568080681215e-01 0
3.82800669391784209594e+00 1.62455337865912285977e+00 3.85784927953265111000e+00 0
5.70733470772197026832e+00 1.36668038798797208955e+00 7.02681679102631928657e+00 0
5.77453107517360564316e+00 1.01266909846883859103e+01 2.84922813397776975020e-01 0
8.62459992820130061375e+00 9.31551435662460214360e+00 7.17877037384915972495e+00 0
7.66677370978411865110e+00 1.31264239708590446654e+00 8.61064139327551103520e+00 0
5.12363313204869630368e+00 4.00883659741438425073e+00 4.77343322501939226754e+00 0
4.22264674439616438661e+00 5.53113433946829147203e+00 8.08666099524121384512e-01 0
8.81284331732389958347e+00 4.52340487926780188133e+00 1.08694619784444395094e+01 0
5.97771399487891041957e+00 1.43463580828065095929e+00 1.02496156257185280225e+01 0
4.64461859045071889796e+00 1.06490605781095837301e+00 1.37452637044745240580e+00 0
1.00555766710037648437e+01 4.57901414247150650993e+00 1.07578514348162439518e+01 0
5.54075872720909412550e-01 4.71179421105346118992e+00 7.76038575931649354800e+00 0
4.46351181344839353926e+00 1.28195218019240919638e+00 6.70286753255787282058e+00 0
7.28461070020324186203e+00 6.01541506631391964532e+00 8.44405853384806093231e+00 0
4.06812581793904648464e+00 2.20010359970385138695e+00 6.64909957877085933120e+00 0
1.04479648353476424205e+01 4.51892258735498097977e-01 1.62588059171575927131e+00 0
5.19197432935546210331e+00 8.91636489845016555478e+00 2.43706846940242138899e+00 0
6.39532649323239255068e+00 6.41889669255021821925e+00 4.97663328351278622108e+00 0
8.53544994843205895307e-01 1.84254342827438688524e+00 7.32415332632072235697e+00 0
6.34285924806044398849e+00 1.28953135690769515875e+00 6.24467366700238191157e+00 0
1.60555896624243099602e+00 7.82809686317831410207e+00 4.56074139534954881015e+00 0
6.80738076038672179635e+00 7.74762646738527394064e+00 8.30992448914023817963e+00 0
9.84847161973470086593e+00 9.23962310161985378443e+00 1.85688551808079505001e+00 0
2.99805900753355025756e+00 1.04343698937839590712e+01 3.59251549208013365444e+00 0
1.05922003202518144604e+01 6.33532999191434686992e+00 2.45178051086325154984e+00 0
5.75906113761667892703e-01 6.30488916700775270385e+00 3.34338403484407908905e+00 0
2.71992897787446707980e+00 2.67048188077524129014e+00 4.43874598763965266812e+00 0
2.00690240519993556845e+00 6.50611169764405072868e+00 3.74448802142735370779e+00 0
3.11666905346186862147e+00 2.68587138639395117679e+00 5.94809361638592548616e+00 0
2.39180678263368973191e+00 9.63592807560761599461e-01 3.70127900868979331506e+00 0
2.04329622920005693487e+00 1.04810030146213133406e+01 6.38072207900488752585e+00 0
4.48102486605580985213e+00 9.41083502964048435047e+00 7.04774644324896648584e+00 0
1.24605704374564640879e+00 5.76209834005498322540e+00 4.22563437233119643111e+00 0
9.88403144497572760940e+00 6.11757012358362928239e+00 6.92681989159940503242e+00 0
5.26384417837807472296e+00 9.18840832865286927245e+00 9.42584075806245635931e+00 0
4.92435811890232688626e+00 2.00592298170233274135e+00 7.23476150583234289826e+00 0
2.58466178838379256888e+00 4.09969084740055134120e+00 7.65264591653940229321e+00 0
2.83402368167561569123e+00 1.07098103614830719721e+01 5.80076311115097542626e+00 0
2.71778606396458011218e+00 4.98921440206152677632e+00 3.57764141681442682241e+00 0
9.99427077084979131882e+00 6.96935747341586697701e+00 7.49125717492383458307e+00 0
6.56404761816616666437e+00 1.04901949547794934858e+01 9.85796054813793709570e+00 0
3.67818922109616641691e-01 3.84122491832444179494e-01 5.80917559795168969572e+00 0
2.15166355619863614024e+00 6.98251228947194046981e+00 5.46774970059194131977e+00 0
1.92949287530599367102e+00 1.89276850719252404120e-01 5.29828493670426770024e+00 0
6.38766587452592649043e+00 5.05619306486026331982e+00 7.04014331066893994659e+00 0
2.24309168872781107551e-02 1.43069406386074993165e+00 9.37133633648785746573e+00 0
7.28391120256666546595e+00 9.43105435907028244458e+00 9.87628528926428650436e+00 0
4.27975735643892962745e-01 2.38161537140364920617e+00 6.35693090672819849374e+00 0
1.84458059882658065298e+00 2.61068842957101843183e+00 3.51094858397530940053e+00 0
8.71143463934398454285e+00 2.95351364132252314221e+00 1.06462411178140108348e+01 0
8.49100240577076448290e+00 2.06815104106673519624e+00 8.47172812903614769198e+00 0
